x 0fx

1 5.51799894310534e-06 
10 6.692600436508656e-05 
100 0.0008077419915935025 
1000 0.012259343988262117 
10000 0.17158399100298993 
100000 2.413123075995827 
1000000 32.36725480601308 
2000000 72.68271233999985 
3000000 116.05180614499841 
4000000 155.2063990500028 
5000000 207.6767015439982 
6000000 245.18910583099932 
7000000 293.5965581359924 
8000000 348.363831486 
9000000 378.7447713929869 
10000000 426.36614881499554 
11000000 481.48731684499944 
12000000 521.018279772994 
13000000 566.5973619470024 
14000000 618.2992848930007 
15000000 653.2943240280001 
16000000 733.527269964994 
17000000 782.2226390720025 
18000000 819.1033725400048 
19000000 898.7301006430062

