x 0fx

1 5.426001735031605e-06 
10 5.271300324238837e-05 
100 0.0007719529967289418 
1000 0.011905959996511228 
10000 0.1649678059911821 
100000 2.3672257420112146 
1000000 32.53167614000267 
2000000 71.36824512500607 
3000000 112.37195376300951 
4000000 152.88591637498757 
5000000 201.18422551899857 
6000000 239.2147942520096 
7000000 290.7787558830023 
8000000 333.42428722800105 
9000000 384.3956149699952 
10000000 434.65755628599436 
11000000 471.00354581199645 
12000000 516.7562513989978 
13000000 574.218561488 
14000000 619.2240213840123 
15000000 680.9112783879973 
16000000 715.3806139929948 
17000000 774.9706794789963 
18000000 843.7029547060083 
19000000 872.3983385939937

